{
 "cells": [
  {
   "cell_type": "code",
   "execution_count": 2,
   "metadata": {},
   "outputs": [],
   "source": [
    "# Compare the effect of Lasso, Ridger and Linear Regression\n",
    "# for presence of Multicollinearity as well as their effect on\n",
    "# coefficients of different features\n",
    "\n",
    "# Import Pandas for data processing\n",
    "import pandas as pd\n",
    "\n",
    "# Read the CSV file\n",
    "dataset = pd.read_csv('mcl.csv')\n",
    "df = dataset.copy()\n",
    "\n",
    "# Split into X (Independent) and Y (predicted)\n",
    "X = df.iloc[:, :-1]\n",
    "Y = df.iloc[:,  -1]\n",
    "\n",
    "# Check and confirm the presence of Multicollinearity\n",
    "correlation = df.corr()\n",
    "\n",
    "# Import all the regressions to compare\n",
    "from sklearn.linear_model import Lasso, Ridge, LinearRegression\n",
    "\n",
    "# Perform Linear Regression \n",
    "lr = LinearRegression()\n",
    "lr.fit(X, Y)\n",
    "\n",
    "lr_coeff = lr.coef_\n",
    "lr_intercept = lr.intercept_\n",
    "\n",
    "# Perform Lasso regression\n",
    "lasso = Lasso(alpha=10)\n",
    "lasso.fit(X, Y)\n",
    "\n",
    "lasso_coeff = lasso.coef_\n",
    "lasso_intercept = lasso.intercept_\n",
    "\n",
    "# Perform Ridge Regression\n",
    "ridge = Ridge(alpha=100)\n",
    "ridge.fit(X, Y)\n",
    "\n",
    "ridge_coeff = ridge.coef_\n",
    "ridge_intercept = ridge.intercept_\n",
    "\n",
    "# At the end compare the values of three lists of coefficients\n",
    "\n",
    "\n",
    "\n",
    "\n",
    "\n"
   ]
  },
  {
   "cell_type": "code",
   "execution_count": 3,
   "metadata": {},
   "outputs": [
    {
     "data": {
      "text/plain": [
       "(22, 16)"
      ]
     },
     "execution_count": 3,
     "metadata": {},
     "output_type": "execute_result"
    }
   ],
   "source": [
    "dataset.shape"
   ]
  },
  {
   "cell_type": "code",
   "execution_count": 4,
   "metadata": {},
   "outputs": [
    {
     "data": {
      "text/html": [
       "<div>\n",
       "<style scoped>\n",
       "    .dataframe tbody tr th:only-of-type {\n",
       "        vertical-align: middle;\n",
       "    }\n",
       "\n",
       "    .dataframe tbody tr th {\n",
       "        vertical-align: top;\n",
       "    }\n",
       "\n",
       "    .dataframe thead th {\n",
       "        text-align: right;\n",
       "    }\n",
       "</style>\n",
       "<table border=\"1\" class=\"dataframe\">\n",
       "  <thead>\n",
       "    <tr style=\"text-align: right;\">\n",
       "      <th></th>\n",
       "      <th>X1</th>\n",
       "      <th>X2</th>\n",
       "      <th>X3</th>\n",
       "      <th>X4</th>\n",
       "      <th>X5</th>\n",
       "      <th>X6</th>\n",
       "      <th>X7</th>\n",
       "      <th>X8</th>\n",
       "      <th>X9</th>\n",
       "      <th>X10</th>\n",
       "      <th>X11</th>\n",
       "      <th>X12</th>\n",
       "      <th>X13</th>\n",
       "      <th>X14</th>\n",
       "      <th>X15</th>\n",
       "      <th>Y</th>\n",
       "    </tr>\n",
       "  </thead>\n",
       "  <tbody>\n",
       "    <tr>\n",
       "      <th>X1</th>\n",
       "      <td>1.000000</td>\n",
       "      <td>1.000000</td>\n",
       "      <td>-0.209711</td>\n",
       "      <td>0.119736</td>\n",
       "      <td>-0.128403</td>\n",
       "      <td>-0.251226</td>\n",
       "      <td>-0.245742</td>\n",
       "      <td>0.135160</td>\n",
       "      <td>0.066598</td>\n",
       "      <td>0.206307</td>\n",
       "      <td>-0.155450</td>\n",
       "      <td>0.044458</td>\n",
       "      <td>0.003999</td>\n",
       "      <td>-0.078752</td>\n",
       "      <td>0.067695</td>\n",
       "      <td>0.168555</td>\n",
       "    </tr>\n",
       "    <tr>\n",
       "      <th>X2</th>\n",
       "      <td>1.000000</td>\n",
       "      <td>1.000000</td>\n",
       "      <td>-0.209711</td>\n",
       "      <td>0.119736</td>\n",
       "      <td>-0.128403</td>\n",
       "      <td>-0.251226</td>\n",
       "      <td>-0.245742</td>\n",
       "      <td>0.135160</td>\n",
       "      <td>0.066598</td>\n",
       "      <td>0.206307</td>\n",
       "      <td>-0.155450</td>\n",
       "      <td>0.044458</td>\n",
       "      <td>0.003999</td>\n",
       "      <td>-0.078752</td>\n",
       "      <td>0.067695</td>\n",
       "      <td>0.168555</td>\n",
       "    </tr>\n",
       "    <tr>\n",
       "      <th>X3</th>\n",
       "      <td>-0.209711</td>\n",
       "      <td>-0.209711</td>\n",
       "      <td>1.000000</td>\n",
       "      <td>-0.046544</td>\n",
       "      <td>0.071759</td>\n",
       "      <td>-0.212747</td>\n",
       "      <td>0.033865</td>\n",
       "      <td>0.009074</td>\n",
       "      <td>-0.245954</td>\n",
       "      <td>-0.085453</td>\n",
       "      <td>-0.051440</td>\n",
       "      <td>0.188441</td>\n",
       "      <td>0.154852</td>\n",
       "      <td>0.156795</td>\n",
       "      <td>0.339773</td>\n",
       "      <td>0.510264</td>\n",
       "    </tr>\n",
       "    <tr>\n",
       "      <th>X4</th>\n",
       "      <td>0.119736</td>\n",
       "      <td>0.119736</td>\n",
       "      <td>-0.046544</td>\n",
       "      <td>1.000000</td>\n",
       "      <td>-0.295913</td>\n",
       "      <td>0.221554</td>\n",
       "      <td>0.316329</td>\n",
       "      <td>0.171753</td>\n",
       "      <td>-0.155269</td>\n",
       "      <td>-0.086964</td>\n",
       "      <td>-0.298260</td>\n",
       "      <td>0.219644</td>\n",
       "      <td>0.264612</td>\n",
       "      <td>0.302779</td>\n",
       "      <td>-0.096975</td>\n",
       "      <td>0.341410</td>\n",
       "    </tr>\n",
       "    <tr>\n",
       "      <th>X5</th>\n",
       "      <td>-0.128403</td>\n",
       "      <td>-0.128403</td>\n",
       "      <td>0.071759</td>\n",
       "      <td>-0.295913</td>\n",
       "      <td>1.000000</td>\n",
       "      <td>-0.191911</td>\n",
       "      <td>-0.377967</td>\n",
       "      <td>-0.173086</td>\n",
       "      <td>0.062950</td>\n",
       "      <td>0.141345</td>\n",
       "      <td>0.318774</td>\n",
       "      <td>-0.292829</td>\n",
       "      <td>0.445463</td>\n",
       "      <td>-0.053803</td>\n",
       "      <td>-0.065310</td>\n",
       "      <td>0.337248</td>\n",
       "    </tr>\n",
       "    <tr>\n",
       "      <th>X6</th>\n",
       "      <td>-0.251226</td>\n",
       "      <td>-0.251226</td>\n",
       "      <td>-0.212747</td>\n",
       "      <td>0.221554</td>\n",
       "      <td>-0.191911</td>\n",
       "      <td>1.000000</td>\n",
       "      <td>0.195824</td>\n",
       "      <td>-0.141802</td>\n",
       "      <td>0.132583</td>\n",
       "      <td>0.227458</td>\n",
       "      <td>0.173524</td>\n",
       "      <td>0.134872</td>\n",
       "      <td>0.087818</td>\n",
       "      <td>0.182317</td>\n",
       "      <td>-0.021305</td>\n",
       "      <td>0.003890</td>\n",
       "    </tr>\n",
       "    <tr>\n",
       "      <th>X7</th>\n",
       "      <td>-0.245742</td>\n",
       "      <td>-0.245742</td>\n",
       "      <td>0.033865</td>\n",
       "      <td>0.316329</td>\n",
       "      <td>-0.377967</td>\n",
       "      <td>0.195824</td>\n",
       "      <td>1.000000</td>\n",
       "      <td>0.107389</td>\n",
       "      <td>-0.316919</td>\n",
       "      <td>-0.044498</td>\n",
       "      <td>-0.290376</td>\n",
       "      <td>-0.024236</td>\n",
       "      <td>-0.150627</td>\n",
       "      <td>0.315024</td>\n",
       "      <td>0.027880</td>\n",
       "      <td>0.075040</td>\n",
       "    </tr>\n",
       "    <tr>\n",
       "      <th>X8</th>\n",
       "      <td>0.135160</td>\n",
       "      <td>0.135160</td>\n",
       "      <td>0.009074</td>\n",
       "      <td>0.171753</td>\n",
       "      <td>-0.173086</td>\n",
       "      <td>-0.141802</td>\n",
       "      <td>0.107389</td>\n",
       "      <td>1.000000</td>\n",
       "      <td>0.036707</td>\n",
       "      <td>0.072132</td>\n",
       "      <td>-0.196835</td>\n",
       "      <td>-0.313592</td>\n",
       "      <td>0.109849</td>\n",
       "      <td>0.462225</td>\n",
       "      <td>0.107362</td>\n",
       "      <td>0.120198</td>\n",
       "    </tr>\n",
       "    <tr>\n",
       "      <th>X9</th>\n",
       "      <td>0.066598</td>\n",
       "      <td>0.066598</td>\n",
       "      <td>-0.245954</td>\n",
       "      <td>-0.155269</td>\n",
       "      <td>0.062950</td>\n",
       "      <td>0.132583</td>\n",
       "      <td>-0.316919</td>\n",
       "      <td>0.036707</td>\n",
       "      <td>1.000000</td>\n",
       "      <td>-0.243126</td>\n",
       "      <td>-0.159466</td>\n",
       "      <td>0.076146</td>\n",
       "      <td>0.256291</td>\n",
       "      <td>-0.193855</td>\n",
       "      <td>0.293955</td>\n",
       "      <td>-0.139283</td>\n",
       "    </tr>\n",
       "    <tr>\n",
       "      <th>X10</th>\n",
       "      <td>0.206307</td>\n",
       "      <td>0.206307</td>\n",
       "      <td>-0.085453</td>\n",
       "      <td>-0.086964</td>\n",
       "      <td>0.141345</td>\n",
       "      <td>0.227458</td>\n",
       "      <td>-0.044498</td>\n",
       "      <td>0.072132</td>\n",
       "      <td>-0.243126</td>\n",
       "      <td>1.000000</td>\n",
       "      <td>-0.052777</td>\n",
       "      <td>-0.091408</td>\n",
       "      <td>-0.064017</td>\n",
       "      <td>0.059012</td>\n",
       "      <td>-0.238839</td>\n",
       "      <td>0.121720</td>\n",
       "    </tr>\n",
       "    <tr>\n",
       "      <th>X11</th>\n",
       "      <td>-0.155450</td>\n",
       "      <td>-0.155450</td>\n",
       "      <td>-0.051440</td>\n",
       "      <td>-0.298260</td>\n",
       "      <td>0.318774</td>\n",
       "      <td>0.173524</td>\n",
       "      <td>-0.290376</td>\n",
       "      <td>-0.196835</td>\n",
       "      <td>-0.159466</td>\n",
       "      <td>-0.052777</td>\n",
       "      <td>1.000000</td>\n",
       "      <td>-0.133474</td>\n",
       "      <td>-0.068450</td>\n",
       "      <td>-0.111403</td>\n",
       "      <td>0.029782</td>\n",
       "      <td>0.054537</td>\n",
       "    </tr>\n",
       "    <tr>\n",
       "      <th>X12</th>\n",
       "      <td>0.044458</td>\n",
       "      <td>0.044458</td>\n",
       "      <td>0.188441</td>\n",
       "      <td>0.219644</td>\n",
       "      <td>-0.292829</td>\n",
       "      <td>0.134872</td>\n",
       "      <td>-0.024236</td>\n",
       "      <td>-0.313592</td>\n",
       "      <td>0.076146</td>\n",
       "      <td>-0.091408</td>\n",
       "      <td>-0.133474</td>\n",
       "      <td>1.000000</td>\n",
       "      <td>-0.331363</td>\n",
       "      <td>-0.029217</td>\n",
       "      <td>0.104011</td>\n",
       "      <td>0.129711</td>\n",
       "    </tr>\n",
       "    <tr>\n",
       "      <th>X13</th>\n",
       "      <td>0.003999</td>\n",
       "      <td>0.003999</td>\n",
       "      <td>0.154852</td>\n",
       "      <td>0.264612</td>\n",
       "      <td>0.445463</td>\n",
       "      <td>0.087818</td>\n",
       "      <td>-0.150627</td>\n",
       "      <td>0.109849</td>\n",
       "      <td>0.256291</td>\n",
       "      <td>-0.064017</td>\n",
       "      <td>-0.068450</td>\n",
       "      <td>-0.331363</td>\n",
       "      <td>1.000000</td>\n",
       "      <td>0.039602</td>\n",
       "      <td>0.079759</td>\n",
       "      <td>0.328637</td>\n",
       "    </tr>\n",
       "    <tr>\n",
       "      <th>X14</th>\n",
       "      <td>-0.078752</td>\n",
       "      <td>-0.078752</td>\n",
       "      <td>0.156795</td>\n",
       "      <td>0.302779</td>\n",
       "      <td>-0.053803</td>\n",
       "      <td>0.182317</td>\n",
       "      <td>0.315024</td>\n",
       "      <td>0.462225</td>\n",
       "      <td>-0.193855</td>\n",
       "      <td>0.059012</td>\n",
       "      <td>-0.111403</td>\n",
       "      <td>-0.029217</td>\n",
       "      <td>0.039602</td>\n",
       "      <td>1.000000</td>\n",
       "      <td>0.229794</td>\n",
       "      <td>0.301174</td>\n",
       "    </tr>\n",
       "    <tr>\n",
       "      <th>X15</th>\n",
       "      <td>0.067695</td>\n",
       "      <td>0.067695</td>\n",
       "      <td>0.339773</td>\n",
       "      <td>-0.096975</td>\n",
       "      <td>-0.065310</td>\n",
       "      <td>-0.021305</td>\n",
       "      <td>0.027880</td>\n",
       "      <td>0.107362</td>\n",
       "      <td>0.293955</td>\n",
       "      <td>-0.238839</td>\n",
       "      <td>0.029782</td>\n",
       "      <td>0.104011</td>\n",
       "      <td>0.079759</td>\n",
       "      <td>0.229794</td>\n",
       "      <td>1.000000</td>\n",
       "      <td>0.254215</td>\n",
       "    </tr>\n",
       "    <tr>\n",
       "      <th>Y</th>\n",
       "      <td>0.168555</td>\n",
       "      <td>0.168555</td>\n",
       "      <td>0.510264</td>\n",
       "      <td>0.341410</td>\n",
       "      <td>0.337248</td>\n",
       "      <td>0.003890</td>\n",
       "      <td>0.075040</td>\n",
       "      <td>0.120198</td>\n",
       "      <td>-0.139283</td>\n",
       "      <td>0.121720</td>\n",
       "      <td>0.054537</td>\n",
       "      <td>0.129711</td>\n",
       "      <td>0.328637</td>\n",
       "      <td>0.301174</td>\n",
       "      <td>0.254215</td>\n",
       "      <td>1.000000</td>\n",
       "    </tr>\n",
       "  </tbody>\n",
       "</table>\n",
       "</div>"
      ],
      "text/plain": [
       "           X1        X2        X3        X4        X5        X6        X7  \\\n",
       "X1   1.000000  1.000000 -0.209711  0.119736 -0.128403 -0.251226 -0.245742   \n",
       "X2   1.000000  1.000000 -0.209711  0.119736 -0.128403 -0.251226 -0.245742   \n",
       "X3  -0.209711 -0.209711  1.000000 -0.046544  0.071759 -0.212747  0.033865   \n",
       "X4   0.119736  0.119736 -0.046544  1.000000 -0.295913  0.221554  0.316329   \n",
       "X5  -0.128403 -0.128403  0.071759 -0.295913  1.000000 -0.191911 -0.377967   \n",
       "X6  -0.251226 -0.251226 -0.212747  0.221554 -0.191911  1.000000  0.195824   \n",
       "X7  -0.245742 -0.245742  0.033865  0.316329 -0.377967  0.195824  1.000000   \n",
       "X8   0.135160  0.135160  0.009074  0.171753 -0.173086 -0.141802  0.107389   \n",
       "X9   0.066598  0.066598 -0.245954 -0.155269  0.062950  0.132583 -0.316919   \n",
       "X10  0.206307  0.206307 -0.085453 -0.086964  0.141345  0.227458 -0.044498   \n",
       "X11 -0.155450 -0.155450 -0.051440 -0.298260  0.318774  0.173524 -0.290376   \n",
       "X12  0.044458  0.044458  0.188441  0.219644 -0.292829  0.134872 -0.024236   \n",
       "X13  0.003999  0.003999  0.154852  0.264612  0.445463  0.087818 -0.150627   \n",
       "X14 -0.078752 -0.078752  0.156795  0.302779 -0.053803  0.182317  0.315024   \n",
       "X15  0.067695  0.067695  0.339773 -0.096975 -0.065310 -0.021305  0.027880   \n",
       "Y    0.168555  0.168555  0.510264  0.341410  0.337248  0.003890  0.075040   \n",
       "\n",
       "           X8        X9       X10       X11       X12       X13       X14  \\\n",
       "X1   0.135160  0.066598  0.206307 -0.155450  0.044458  0.003999 -0.078752   \n",
       "X2   0.135160  0.066598  0.206307 -0.155450  0.044458  0.003999 -0.078752   \n",
       "X3   0.009074 -0.245954 -0.085453 -0.051440  0.188441  0.154852  0.156795   \n",
       "X4   0.171753 -0.155269 -0.086964 -0.298260  0.219644  0.264612  0.302779   \n",
       "X5  -0.173086  0.062950  0.141345  0.318774 -0.292829  0.445463 -0.053803   \n",
       "X6  -0.141802  0.132583  0.227458  0.173524  0.134872  0.087818  0.182317   \n",
       "X7   0.107389 -0.316919 -0.044498 -0.290376 -0.024236 -0.150627  0.315024   \n",
       "X8   1.000000  0.036707  0.072132 -0.196835 -0.313592  0.109849  0.462225   \n",
       "X9   0.036707  1.000000 -0.243126 -0.159466  0.076146  0.256291 -0.193855   \n",
       "X10  0.072132 -0.243126  1.000000 -0.052777 -0.091408 -0.064017  0.059012   \n",
       "X11 -0.196835 -0.159466 -0.052777  1.000000 -0.133474 -0.068450 -0.111403   \n",
       "X12 -0.313592  0.076146 -0.091408 -0.133474  1.000000 -0.331363 -0.029217   \n",
       "X13  0.109849  0.256291 -0.064017 -0.068450 -0.331363  1.000000  0.039602   \n",
       "X14  0.462225 -0.193855  0.059012 -0.111403 -0.029217  0.039602  1.000000   \n",
       "X15  0.107362  0.293955 -0.238839  0.029782  0.104011  0.079759  0.229794   \n",
       "Y    0.120198 -0.139283  0.121720  0.054537  0.129711  0.328637  0.301174   \n",
       "\n",
       "          X15         Y  \n",
       "X1   0.067695  0.168555  \n",
       "X2   0.067695  0.168555  \n",
       "X3   0.339773  0.510264  \n",
       "X4  -0.096975  0.341410  \n",
       "X5  -0.065310  0.337248  \n",
       "X6  -0.021305  0.003890  \n",
       "X7   0.027880  0.075040  \n",
       "X8   0.107362  0.120198  \n",
       "X9   0.293955 -0.139283  \n",
       "X10 -0.238839  0.121720  \n",
       "X11  0.029782  0.054537  \n",
       "X12  0.104011  0.129711  \n",
       "X13  0.079759  0.328637  \n",
       "X14  0.229794  0.301174  \n",
       "X15  1.000000  0.254215  \n",
       "Y    0.254215  1.000000  "
      ]
     },
     "execution_count": 4,
     "metadata": {},
     "output_type": "execute_result"
    }
   ],
   "source": [
    "correlation"
   ]
  },
  {
   "cell_type": "code",
   "execution_count": 14,
   "metadata": {},
   "outputs": [
    {
     "name": "stdout",
     "output_type": "stream",
     "text": [
      "\n",
      "lr_coeff  =  \n",
      " [ 0.9685666   1.74341988  5.22151795  4.76932763  6.34161228  2.27250423\n",
      "  3.10401606  1.41894342  1.14483366  0.13845666  1.27299503  0.18844984\n",
      " -2.33424536 -0.47582293  0.48954817]\n",
      "\n",
      " lr_intercept  =  16.018580433074533\n"
     ]
    }
   ],
   "source": [
    "print(\"\\nlr_coeff  =  \\n\",lr_coeff)\n",
    "print(\"\\n lr_intercept  = \",lr_intercept)"
   ]
  },
  {
   "cell_type": "code",
   "execution_count": 18,
   "metadata": {},
   "outputs": [
    {
     "name": "stdout",
     "output_type": "stream",
     "text": [
      "\n",
      "lasso_coeff  =  \n",
      " [ 0.          1.7309199   3.93145036  3.18600347  4.26593065  1.27754125\n",
      "  1.64825311  0.66718862  0.          0.          0.69332269  0.50395826\n",
      " -0.16795267  0.12460803  0.51203443]\n",
      "\n",
      " lasso_intercept  =  103.47122405398426\n"
     ]
    }
   ],
   "source": [
    "print(\"\\nlasso_coeff  =  \\n\",lasso_coeff)\n",
    "print(\"\\n lasso_intercept  = \",lasso_intercept)"
   ]
  },
  {
   "cell_type": "code",
   "execution_count": 19,
   "metadata": {},
   "outputs": [
    {
     "name": "stdout",
     "output_type": "stream",
     "text": [
      "\n",
      "ridge_coeff  =  \n",
      " [ 0.70168778  1.26303801  3.63253895  2.96709834  3.84581771  0.94041065\n",
      "  1.87287829  0.76603986  0.24004053  0.59800807  1.15741106  0.90270645\n",
      " -0.04607831  0.36735591  0.73950502]\n",
      "\n",
      "ridge_intercept  =  89.66628905246657\n"
     ]
    }
   ],
   "source": [
    "print(\"\\nridge_coeff  =  \\n\",ridge_coeff)\n",
    "print(\"\\nridge_intercept  = \",ridge_intercept)"
   ]
  },
  {
   "cell_type": "code",
   "execution_count": null,
   "metadata": {},
   "outputs": [],
   "source": []
  }
 ],
 "metadata": {
  "kernelspec": {
   "display_name": "Python 3",
   "language": "python",
   "name": "python3"
  },
  "language_info": {
   "codemirror_mode": {
    "name": "ipython",
    "version": 3
   },
   "file_extension": ".py",
   "mimetype": "text/x-python",
   "name": "python",
   "nbconvert_exporter": "python",
   "pygments_lexer": "ipython3",
   "version": "3.7.6"
  }
 },
 "nbformat": 4,
 "nbformat_minor": 4
}
